     6/249    0.428G   0.04004   0.02226  0.006333         0   0.06863        16       800    0.3395    0.3705    0.3235    0.1418   0.03892   0.03604  0.003008
     7/249    0.669G    0.0392    0.0221   0.00608         0   0.06738         2       800    0.3544    0.3619    0.3245    0.1438   0.03861    0.0361  0.003047
     8/249    0.669G   0.03881   0.02175  0.005866         0   0.06643         3       800    0.4004    0.3548    0.3257    0.1502    0.0385   0.03599  0.002721
     9/249    0.669G   0.03821   0.02146   0.00571         0   0.06538         1       800    0.3704    0.3707    0.3309    0.1453   0.03831   0.03529   0.00263
    10/249    0.669G    0.0374   0.02064   0.00539         0   0.06343         1       800    0.4248    0.3587    0.3305    0.1461   0.03799   0.03511   0.00254
    11/249    0.669G    0.0372   0.02036  0.005278         0   0.06283         1       800    0.3536    0.3754    0.3381    0.1546    0.0374    0.0348  0.002372
    12/249    0.669G   0.03743   0.02047  0.005232         0   0.06313         4       800    0.3408    0.3825    0.3323    0.1512   0.03748   0.03441  0.002459
    13/249    0.669G   0.03713   0.02066  0.004973         0   0.06276         2       800    0.3649    0.3767    0.3454    0.1588   0.03729   0.03458  0.002334
    14/249    0.669G   0.03718   0.01997  0.005208         0   0.06236         1       800    0.3844    0.3774    0.3375    0.1508   0.03746   0.03415  0.002314
    15/249    0.669G   0.03682   0.01996  0.005128         0   0.06191         1       800    0.3775    0.3811    0.3453    0.1596   0.03685   0.03401    0.0023
    16/249    0.669G   0.03643   0.01977  0.004835         0   0.06104         0       800    0.4032     0.391    0.3534    0.1623   0.03705   0.03414  0.002124
    17/249    0.671G   0.03646   0.01987  0.004851         0   0.06119         1       800    0.4599    0.3706    0.3393     0.157   0.03659   0.03405  0.002147
    18/249    0.671G   0.03654   0.01967  0.004859         0   0.06107         0       800    0.4279    0.3879    0.3599    0.1659    0.0366   0.03384  0.002115
    19/249    0.671G   0.03657   0.01964  0.004787         0     0.061         4       800    0.3641    0.3804    0.3392     0.155   0.03648   0.03376  0.002111
    20/249    0.671G   0.03618   0.01914  0.004817         0   0.06014         3       800    0.4388    0.3824    0.3529    0.1666    0.0361   0.03363  0.002093
    21/249    0.671G   0.03593    0.0189  0.004714         0   0.05954         1       800    0.3466    0.4001    0.3522    0.1593   0.03657   0.03375  0.002081
    22/249    0.671G   0.03631   0.01889  0.004708         0   0.05991         1       800    0.4424    0.3771    0.3525    0.1636   0.03646    0.0336  0.002016
    23/249    0.671G   0.03572   0.01884  0.004671         0   0.05923         1       800    0.3993    0.4004    0.3558    0.1686   0.03612   0.03328   0.00192
    24/249    0.671G    0.0362   0.01925  0.004614         0   0.06006        43       800    0.4257    0.3845    0.3564    0.1693   0.03619   0.03333  0.001898
    25/249    0.671G   0.03568   0.01827  0.004118         0   0.05806         1       800    0.4094    0.3876    0.3596    0.1735   0.03576   0.03304  0.001862
    26/249    0.671G   0.03577   0.01887  0.004563         0    0.0592         1       800    0.3885    0.3956    0.3583    0.1715   0.03586   0.03298  0.001907
    27/249    0.671G   0.03552   0.01858  0.004391         0   0.05848         1       800    0.4492    0.3956    0.3578    0.1658   0.03566   0.03267  0.001847
    28/249    0.671G   0.03529    0.0182  0.004411         0    0.0579         1       800    0.4267    0.4029    0.3669    0.1707    0.0356   0.03309  0.001722
    29/249    0.671G   0.03529   0.01805  0.004301         0   0.05764         4       800    0.3897     0.407    0.3693    0.1743   0.03562   0.03257  0.001777
    30/249    0.671G   0.03539   0.01825  0.003984         0   0.05763         1       800    0.4789    0.4032    0.3772    0.1795    0.0355   0.03275  0.001833
    31/249    0.671G   0.03554   0.01833  0.004382         0   0.05826         1       800    0.4918    0.3856    0.3653    0.1744   0.03555   0.03268  0.001788
    32/249    0.671G   0.03551   0.01794  0.004058         0   0.05751        14       800    0.4589    0.4049    0.3681    0.1771   0.03556   0.03279  0.001795
    33/249    0.671G    0.0354   0.01807  0.004184         0   0.05765         1       800    0.4489    0.4127    0.3791    0.1806   0.03518   0.03265  0.001721
    34/249    0.671G   0.03557    0.0181  0.004281         0   0.05795         1       800    0.4834    0.3993    0.3743    0.1776   0.03532   0.03235  0.001734
    35/249    0.671G    0.0354   0.01794  0.004105         0   0.05744         1       800    0.4212    0.4194    0.3795    0.1843   0.03535   0.03227  0.001712
    36/249    0.671G   0.03525   0.01855  0.004234         0   0.05804         1       800    0.4639    0.4053    0.3851    0.1851   0.03544   0.03267  0.001696
    37/249    0.671G   0.03538   0.01784  0.004074         0   0.05729         1       800    0.4623    0.4291    0.3858    0.1888   0.03528    0.0326  0.001722
    38/249    0.671G   0.03572   0.01783  0.004217         0   0.05776         2       800    0.4232    0.4061    0.3809    0.1848    0.0351   0.03232  0.001678
    39/249    0.671G   0.03482   0.01742  0.004061         0   0.05629         2       800    0.4443    0.4048     0.383    0.1844   0.03523   0.03224  0.001655
    40/249    0.671G   0.03536   0.01749  0.004082         0   0.05694        16       800    0.4723    0.4187    0.3954      0.19   0.03502   0.03204  0.001627
    41/249    0.671G   0.03479   0.01709  0.003873         0   0.05576         1       800     0.424    0.4338     0.399    0.1882   0.03491   0.03178  0.001594
    42/249    0.671G   0.03481   0.01718   0.00386         0   0.05585         1       800    0.4522    0.4316     0.401    0.1927   0.03492   0.03185  0.001568
    43/249    0.671G   0.03501   0.01757  0.003839         0   0.05642         1       800    0.4633    0.4329    0.3957    0.1853   0.03498   0.03193  0.001572
    44/249    0.671G   0.03464   0.01751  0.004087         0   0.05624         1       800    0.4618    0.4351    0.3942    0.1892   0.03505   0.03172  0.001573
    45/249    0.671G   0.03466   0.01755  0.003959         0   0.05617         1       800    0.4604    0.4367    0.3984    0.1912   0.03498   0.03187  0.001574
    46/249    0.671G   0.03489    0.0171  0.003908         0   0.05589         1       800    0.4778    0.4332    0.4027    0.1983   0.03495   0.03168  0.001557
    47/249    0.671G   0.03474   0.01714  0.003928         0   0.05581         1       800     0.447     0.433    0.4033    0.1981   0.03476   0.03172  0.001537
    48/249    0.671G   0.03489   0.01706  0.003951         0    0.0559         4       800    0.4407    0.4526     0.407    0.1959   0.03472   0.03168  0.001533
    49/249    0.671G   0.03502   0.01711  0.003563         0    0.0557         4       800    0.4777    0.4414    0.4065    0.1927   0.03479   0.03155  0.001439
    50/249    0.671G   0.03444     0.017  0.003887         0   0.05533         1       800    0.5139    0.4284    0.4001    0.1921   0.03483   0.03145  0.001472
    51/249    0.671G   0.03453   0.01668  0.003788         0   0.05499         2       800    0.5117    0.4284    0.4044    0.1973   0.03465   0.03169  0.001444
    52/249    0.671G   0.03469   0.01713  0.003839         0   0.05566         1       800    0.4814    0.4245    0.4018     0.195    0.0346   0.03169   0.00145
    53/249    0.671G    0.0344   0.01646  0.003796         0   0.05465         1       800    0.4794    0.4288    0.3991     0.192   0.03462   0.03165  0.001435
    54/249    0.671G    0.0345   0.01661  0.003745         0   0.05485         1       800    0.4828    0.4275    0.4057    0.1988   0.03445   0.03171  0.001407
    55/249    0.671G    0.0344   0.01677  0.003846         0   0.05502         1       800    0.4615    0.4252    0.3959    0.1916   0.03448    0.0315  0.001439
    56/249    0.671G   0.03466   0.01657  0.003837         0   0.05507         2       800    0.4615    0.4342    0.3984    0.1922   0.03447   0.03148  0.001461
    57/249    0.671G   0.03453   0.01677  0.003761         0   0.05505         1       800    0.4656    0.4445    0.4039    0.1972   0.03443   0.03137  0.001439
    58/249    0.671G   0.03448   0.01628  0.003598         0   0.05435        12       800    0.4948     0.437    0.4112    0.2003   0.03449   0.03148  0.001387
    59/249    0.671G   0.03474   0.01667  0.003585         0   0.05499         1       800    0.4842    0.4394    0.4069    0.1995   0.03448   0.03143  0.001385
    60/249    0.671G   0.03476   0.01616  0.003605         0   0.05453         3       800    0.4717    0.4347    0.4062     0.202   0.03444   0.03149  0.001357
    61/249    0.671G    0.0344   0.01642  0.003818         0   0.05464         1       800    0.4753    0.4419    0.4122    0.2041   0.03434   0.03137  0.001348
    62/249    0.671G   0.03464   0.01631  0.003787         0   0.05474         2       800    0.5008    0.4439    0.4218    0.2095   0.03433   0.03134  0.001367
    63/249    0.671G   0.03415    0.0161  0.003743         0     0.054         1       800    0.5062    0.4505    0.4243    0.2098   0.03427   0.03136  0.001355
    64/249    0.671G   0.03462    0.0171  0.003731         0   0.05545         5       800    0.5088    0.4546    0.4267    0.2125    0.0342   0.03129  0.001344
    65/249    0.671G   0.03422   0.01642   0.00349         0   0.05413         1       800    0.4949    0.4467    0.4154    0.2084   0.03421    0.0313  0.001339
    66/249    0.671G   0.03458   0.01666  0.003662         0    0.0549         1       800    0.4679    0.4578    0.4194    0.2053   0.03428   0.03127  0.001336
    67/249    0.671G   0.03441   0.01636  0.003541         0   0.05431         1       800    0.4796    0.4592    0.4204    0.2073   0.03421   0.03124   0.00134
    68/249    0.671G   0.03449   0.01694   0.00374         0   0.05517         1       800    0.5085    0.4518    0.4203     0.207   0.03419   0.03127  0.001349
    69/249    0.671G   0.03463   0.01653  0.003694         0   0.05485         1       800     0.525    0.4494    0.4245    0.2127   0.03408   0.03117  0.001342
    70/249    0.671G   0.03426    0.0166  0.003351         0    0.0542         1       800    0.5175    0.4533    0.4262     0.212   0.03407    0.0311  0.001331
    71/249    0.671G   0.03433   0.01629  0.003522         0   0.05414         1       800    0.5286     0.455      0.43    0.2143   0.03404   0.03104  0.001307
    72/249    0.671G   0.03409     0.016   0.00366         0   0.05376         1       800     0.533    0.4641    0.4404    0.2177   0.03401     0.031  0.001296
    73/249    0.671G   0.03394    0.0159  0.003337         0   0.05318         1       800    0.5314    0.4607     0.439    0.2173   0.03402     0.031  0.001294
    74/249    0.671G   0.03406   0.01585  0.003535         0   0.05344         1       800    0.5195    0.4624     0.442    0.2198   0.03398   0.03096  0.001283
    75/249    0.671G   0.03401   0.01629  0.003472         0   0.05377         4       800    0.5041    0.4566     0.437    0.2184   0.03396    0.0309  0.001263
    76/249    0.671G    0.0339   0.01618  0.003291         0   0.05337         1       800    0.5185    0.4562    0.4381    0.2184   0.03396   0.03094  0.001257
    77/249    0.671G   0.03358   0.01596  0.003346         0   0.05289         1       800     0.495    0.4592    0.4333    0.2179   0.03392   0.03091  0.001271
    78/249    0.671G   0.03371   0.01586  0.003385         0   0.05295         3       800    0.4786    0.4469    0.4224    0.2128   0.03391   0.03085  0.001264
    79/249    0.671G   0.03437   0.01616  0.003476         0   0.05401         4       800    0.4812    0.4605    0.4304     0.215   0.03388   0.03082  0.001259
    80/249    0.671G   0.03431     0.016  0.003363         0   0.05367         1       800    0.4804     0.457    0.4308    0.2156   0.03387   0.03081  0.001258
    81/249    0.671G   0.03384   0.01594   0.00359         0   0.05337         1       800    0.4813    0.4624    0.4335    0.2172   0.03387   0.03084  0.001249
    82/249    0.671G   0.03371   0.01589  0.003208         0   0.05281         1       800    0.4877    0.4652    0.4364    0.2162    0.0339   0.03083   0.00124
    83/249    0.671G   0.03381    0.0162  0.003359         0   0.05337         1       800    0.4991    0.4621    0.4315     0.212   0.03391   0.03081  0.001238
    84/249    0.671G   0.03413   0.01614  0.003265         0   0.05354         4       800    0.4874    0.4598    0.4297    0.2119   0.03388   0.03076  0.001237
    85/249    0.671G   0.03324   0.01578  0.003377         0   0.05239         1       800    0.4949    0.4623    0.4312    0.2133   0.03384   0.03076  0.001232
    86/249    0.671G   0.03364   0.01599  0.003481         0   0.05312         1       800    0.4967    0.4595    0.4318    0.2144   0.03379   0.03076   0.00123
    87/249    0.671G   0.03383   0.01582  0.003408         0   0.05307         4       800    0.4983    0.4627    0.4321    0.2158   0.03377   0.03077  0.001228
    88/249    0.671G   0.03352   0.01575  0.003297         0   0.05256         1       800    0.5091      0.46     0.431    0.2146   0.03375   0.03075  0.001218
    89/249    0.671G   0.03393    0.0159  0.003252         0   0.05308         6       800    0.5007    0.4544    0.4257     0.212   0.03374   0.03072  0.001207
    90/249    0.671G    0.0337   0.01603   0.00333         0   0.05306        13       800    0.5007    0.4545    0.4256    0.2113   0.03372    0.0307  0.001196
    91/249    0.671G   0.03348   0.01564  0.003186         0    0.0523         7       800    0.4976     0.457    0.4262    0.2131    0.0337   0.03071  0.001188
    92/249    0.671G   0.03372     0.016  0.003301         0   0.05302         1       800    0.4987    0.4662    0.4335    0.2166   0.03369   0.03067   0.00118
    93/249    0.671G   0.03348    0.0155  0.003232         0   0.05221         1       800    0.5004    0.4663    0.4345    0.2184   0.03368   0.03065  0.001167
    94/249    0.671G   0.03363   0.01605  0.003229         0   0.05291         1       800    0.4973    0.4663    0.4347    0.2185   0.03366   0.03064  0.001158
    95/249    0.671G   0.03344   0.01548  0.003251         0   0.05217        11       800    0.4974    0.4662    0.4334    0.2166   0.03363   0.03063  0.001152
    96/249    0.671G   0.03361   0.01604  0.003211         0   0.05286         1       800    0.4942     0.469    0.4355    0.2185   0.03362   0.03063  0.001145
    97/249    0.671G   0.03361   0.01548  0.003201         0    0.0523         1       800     0.492    0.4714    0.4376    0.2194    0.0336   0.03066  0.001139
    98/249    0.671G   0.03341   0.01569  0.003218         0   0.05232         1       800    0.4811    0.4722    0.4397    0.2202   0.03357   0.03063  0.001128
    99/249    0.671G   0.03328   0.01566  0.003192         0   0.05213         1       800    0.4765    0.4724    0.4404    0.2206   0.03355   0.03062  0.001121
   100/249    0.671G    0.0333   0.01561  0.002958         0   0.05186         1       800    0.4791    0.4758    0.4429    0.2224   0.03353   0.03061  0.001113
   101/249    0.671G   0.03328   0.01551  0.003106         0    0.0519         1       800    0.4796    0.4729    0.4414    0.2224   0.03353   0.03059   0.00111
   102/249    0.671G    0.0334   0.01546  0.003042         0    0.0519        23       800    0.4775    0.4731    0.4414    0.2201   0.03353   0.03058  0.001104
   103/249    0.671G   0.03378   0.01569  0.003117         0   0.05258         5       800    0.4828    0.4759    0.4428    0.2223   0.03353   0.03057  0.001102
   104/249    0.671G   0.03354   0.01559  0.003209         0   0.05234         1       800    0.4867    0.4762    0.4441    0.2232   0.03352   0.03056  0.001097
   105/249    0.671G    0.0331    0.0152  0.003061         0   0.05136         1       800    0.4872    0.4794    0.4488    0.2235   0.03352   0.03055  0.001094
   106/249    0.671G   0.03345   0.01565  0.003027         0   0.05213         2       800    0.4866    0.4794    0.4489    0.2225   0.03352   0.03054  0.001091
   107/249    0.671G   0.03335   0.01585  0.003121         0   0.05233         1       800    0.4889    0.4826    0.4502    0.2234   0.03352   0.03053  0.001088
   108/249    0.671G    0.0335   0.01534  0.003176         0   0.05202         1       800    0.4853    0.4829    0.4483    0.2216   0.03351   0.03052  0.001085
   109/249    0.671G   0.03335   0.01567  0.003146         0   0.05217         1       800    0.4855    0.4829    0.4494    0.2229    0.0335   0.03051  0.001082
   110/249    0.671G   0.03293   0.01536  0.003045         0   0.05133         1       800    0.4855     0.483    0.4491    0.2215    0.0335   0.03049  0.001079
   111/249    0.671G   0.03327   0.01555  0.003211         0   0.05203         1       800    0.4853     0.483    0.4488    0.2209   0.03349   0.03048  0.001077
   112/249    0.673G   0.03297   0.01545   0.00299         0   0.05141         1       800    0.4859    0.4831    0.4488    0.2212   0.03348   0.03047  0.001071
   113/249    0.673G   0.03295   0.01548  0.003002         0   0.05143         1       800    0.4865     0.483    0.4483    0.2224   0.03348   0.03048  0.001068
   114/249    0.673G   0.03333   0.01532  0.003071         0   0.05172         1       800    0.4873     0.483    0.4496    0.2232   0.03346   0.03047  0.001064
   115/249    0.673G   0.03329   0.01556  0.002983         0   0.05183         1       800    0.4916    0.4872    0.4526    0.2249   0.03346   0.03047   0.00106
   116/249    0.673G   0.03304   0.01505  0.003115         0    0.0512         1       800    0.4916     0.489     0.453    0.2249   0.03345   0.03046  0.001057
   117/249    0.673G   0.03327   0.01528  0.003065         0   0.05162         1       800    0.4888     0.489    0.4528     0.226   0.03345   0.03047  0.001053
   118/249    0.673G   0.03299   0.01521  0.002871         0   0.05107         1       800    0.4911    0.4888    0.4532    0.2267   0.03344   0.03047   0.00105
   119/249    0.673G   0.03276   0.01502  0.002838         0   0.05061         1       800    0.4882    0.4889    0.4528     0.226   0.03344   0.03047  0.001047
   120/249    0.673G   0.03251   0.01507  0.003026         0    0.0506        19       800      0.49    0.4888    0.4544    0.2266   0.03343   0.03047  0.001044
   121/249    0.673G   0.03276    0.0149   0.00288         0   0.05055         4       800    0.4901    0.4886    0.4538    0.2266   0.03344   0.03046   0.00104
   122/249    0.673G   0.03262   0.01536  0.002929         0    0.0509         1       800    0.4949    0.4888    0.4537    0.2267   0.03344   0.03045  0.001038
   123/249    0.673G    0.0329   0.01523  0.002899         0   0.05103         1       800    0.4976    0.4887    0.4541    0.2268   0.03344   0.03045  0.001036
   124/249    0.673G   0.03295   0.01521  0.003081         0   0.05124         1       800    0.4966    0.4885    0.4554    0.2269   0.03343   0.03045  0.001035
   125/249    0.673G   0.03304   0.01547  0.002898         0    0.0514         3       800     0.498    0.4916    0.4571    0.2293   0.03342   0.03044  0.001031
   126/249    0.673G   0.03287   0.01511  0.002757         0   0.05074         5       800    0.5024    0.4916    0.4582    0.2294   0.03343   0.03043  0.001029
   127/249    0.673G   0.03274   0.01503  0.002829         0   0.05061         4       800    0.4933    0.4916    0.4585    0.2303   0.03342   0.03043  0.001027
   128/249    0.673G   0.03267   0.01535  0.002882         0   0.05091         2       800    0.4937    0.4915    0.4588    0.2304   0.03343   0.03042  0.001024
   129/249    0.673G   0.03259   0.01524    0.0027         0   0.05053         1       800    0.4915    0.4917     0.459    0.2303   0.03344   0.03041   0.00102
   130/249    0.673G   0.03265   0.01467  0.002977         0    0.0503         4       800    0.4947    0.4918    0.4591      0.23   0.03346   0.03041  0.001018
   131/249    0.673G   0.03249   0.01513  0.003006         0   0.05063         1       800     0.494    0.4919    0.4587    0.2298   0.03347    0.0304  0.001016
   132/249    0.673G   0.03283   0.01512  0.002899         0   0.05085        28       800    0.4941    0.4949     0.461    0.2317   0.03347    0.0304  0.001013
   133/249    0.673G   0.03291   0.01516  0.002797         0   0.05087         1       800    0.4966    0.4949    0.4611    0.2315   0.03348    0.0304  0.001011
   134/249    0.673G   0.03302   0.01533  0.002826         0   0.05118         1       800    0.5017    0.4948     0.464    0.2327   0.03351   0.03039  0.001009
   135/249    0.673G    0.0325    0.0148  0.002883         0   0.05018         0       800    0.5029    0.4948    0.4642    0.2332   0.03354    0.0304  0.001007
   136/249    0.673G   0.03273   0.01527  0.002851         0   0.05086         1       800    0.5036    0.4948    0.4644    0.2333   0.03359   0.03039  0.001004
   137/249    0.673G   0.03245   0.01481  0.002828         0   0.05009         1       800    0.5038    0.4948    0.4652     0.233   0.03364   0.03039  0.001001
   138/249    0.673G   0.03284   0.01528  0.002899         0   0.05102         1       800    0.5043    0.4946     0.465    0.2331    0.0337   0.03039  0.000998
   139/249    0.673G   0.03236   0.01522  0.002769         0   0.05034         5       800    0.5035    0.4946    0.4665    0.2335   0.03375   0.03038 0.0009957
   140/249    0.673G   0.03267   0.01539  0.002826         0   0.05089         1       800    0.4976    0.4947    0.4667    0.2336   0.03379   0.03038 0.0009928
   141/249    0.673G   0.03223     0.015  0.002808         0   0.05004         1       800    0.4976    0.4949    0.4669    0.2333    0.0338   0.03037 0.0009908
   142/249    0.673G   0.03228   0.01496  0.002713         0   0.04995         1       800    0.4974    0.4949    0.4673    0.2335   0.03385   0.03037 0.0009881
   143/249    0.673G    0.0324   0.01541  0.002727         0   0.05054        34       800    0.5019    0.4951    0.4676    0.2337   0.03388   0.03037 0.0009855
   144/249    0.673G   0.03225   0.01467  0.002748         0   0.04966         2       800    0.5032    0.4951    0.4658    0.2332   0.03395   0.03036  0.000984
   145/249    0.673G   0.03249   0.01517  0.002734         0   0.05039         1       800    0.5031    0.4921    0.4642    0.2319   0.03399   0.03036  0.000982
   146/249    0.673G   0.03236   0.01487  0.002663         0   0.04989         1       800    0.5038     0.492    0.4642    0.2321   0.03406   0.03035 0.0009797
   147/249    0.673G   0.03197   0.01484  0.002568         0   0.04938         3       800    0.5026    0.4918    0.4654    0.2323   0.03404   0.03035 0.0009772
   148/249    0.673G   0.03218   0.01459  0.002543         0   0.04931         1       800    0.5014    0.4979    0.4663    0.2329   0.03407   0.03035 0.0009747
   149/249    0.673G   0.03207   0.01487  0.002718         0   0.04965         1       800    0.4971    0.4948     0.464    0.2315   0.03414   0.03035 0.0009722
   150/249    0.673G   0.03239   0.01527  0.002726         0   0.05039         1       800    0.5001    0.4947    0.4681    0.2333   0.03417   0.03035 0.0009701
   151/249    0.673G   0.03188   0.01491  0.002624         0   0.04942         7       800    0.5023    0.4947     0.468    0.2326   0.03421   0.03035 0.0009677
   152/249    0.673G   0.03213    0.0148  0.002935         0   0.04986        33       800    0.5004    0.4943    0.4677     0.233   0.03427   0.03035 0.0009658
   153/249    0.673G   0.03213   0.01501  0.002576         0   0.04971         1       800     0.503    0.4973    0.4708     0.235   0.03429   0.03035 0.0009642
   154/249    0.673G   0.03189   0.01481  0.002756         0   0.04946         1       800    0.5053    0.4973    0.4712    0.2347   0.03424   0.03034 0.0009623
   155/249    0.673G   0.03177   0.01483  0.002531         0   0.04913         1       800    0.5051    0.4971     0.471    0.2352   0.03425   0.03034 0.0009603
   156/249    0.673G   0.03205   0.01448  0.002536         0   0.04907         1       800    0.5075    0.4971    0.4713    0.2355   0.03426   0.03034 0.0009582
   157/249    0.673G   0.03197   0.01484  0.002634         0   0.04944         8       800    0.5073    0.5002    0.4735    0.2362   0.03432   0.03033 0.0009563
   158/249    0.673G    0.0317    0.0149  0.002728         0   0.04933         5       800      0.51    0.5001    0.4739    0.2362   0.03432   0.03033 0.0009542
   159/249    0.673G   0.03176   0.01448  0.002487         0   0.04873        11       800    0.5055    0.4999     0.472    0.2355    0.0343   0.03033 0.0009519
   160/249    0.673G   0.03171   0.01477  0.002515         0     0.049         1       800    0.5016    0.4998    0.4721    0.2357    0.0343   0.03033 0.0009506
   161/249    0.673G    0.0321   0.01501  0.002601         0   0.04971        38       800    0.4998    0.4995    0.4725    0.2359   0.03428   0.03032 0.0009484
   162/249    0.673G   0.03209   0.01521  0.002564         0   0.04987         2       800    0.5013    0.4993    0.4745     0.237   0.03435   0.03033 0.0009465
   163/249    0.673G   0.03183   0.01483  0.002719         0   0.04938         1       800    0.5019    0.4993    0.4748    0.2372   0.03437   0.03033 0.0009446
   164/249    0.673G   0.03177   0.01475  0.002657         0   0.04918         1       800    0.5025    0.5024    0.4778    0.2385   0.03437   0.03033 0.0009424
   165/249    0.673G   0.03174   0.01478  0.002557         0   0.04908         2       800    0.5026    0.5054    0.4789    0.2399   0.03444   0.03033 0.0009402
   166/249    0.673G   0.03191   0.01494  0.002616         0   0.04946         4       800     0.495    0.5051    0.4789    0.2394   0.03448   0.03033 0.0009379
   167/249    0.673G   0.03193   0.01529  0.002574         0    0.0498         1       800    0.4952    0.5051    0.4797    0.2394   0.03452   0.03033 0.0009362
   168/249    0.673G   0.03159   0.01453  0.002553         0   0.04867         4       800    0.4966    0.5079    0.4821    0.2405   0.03453   0.03034 0.0009343
   169/249    0.673G   0.03166   0.01474  0.002398         0    0.0488         1       800    0.4923    0.5077    0.4818    0.2395   0.03453   0.03034 0.0009321
   170/249    0.673G   0.03166   0.01512  0.002471         0   0.04925        13       800    0.4914    0.5077    0.4816    0.2396   0.03462   0.03034 0.0009298
   171/249    0.673G   0.03157   0.01484  0.002487         0    0.0489         1       800    0.4926    0.5075    0.4818    0.2396   0.03468   0.03033 0.0009275
   172/249    0.673G   0.03156   0.01465  0.002407         0   0.04861         1       800    0.4947    0.5104    0.4846    0.2414   0.03466   0.03033 0.0009249
   173/249    0.673G   0.03127   0.01421  0.002373         0   0.04785         5       800    0.4933    0.5104     0.485    0.2422   0.03468   0.03033 0.0009229
     6/249     5.04G   0.04964   0.01582   0.00273   0.01834   0.08654        68       800    0.4093     0.446    0.4061    0.1811   0.05123   0.03134  0.001313
     7/249     5.38G   0.05001   0.01573  0.002581   0.01796   0.08628       647       800    0.3555    0.4507    0.3987    0.1885    0.0513   0.03194  0.001321
     8/249     5.38G   0.04858   0.01566  0.002948   0.01764   0.08483        72       800     0.365    0.4834    0.4296    0.1995   0.05091   0.03106   0.00121
     9/249     5.38G   0.04875   0.01528  0.002671   0.01716   0.08386       164       800    0.4227    0.4539    0.4176    0.1957   0.05034    0.0313  0.001168
    10/249     5.38G   0.04918   0.01563  0.002592   0.01731    0.0847       106       800    0.3853    0.4283    0.3856    0.1769   0.05072   0.03133  0.001175
    11/249     5.38G   0.04804   0.01499  0.002563   0.01691    0.0825       168       800    0.3419    0.4689    0.4222    0.1991   0.04963   0.03093  0.001174
    12/249     5.38G   0.04805   0.01521  0.002617   0.01645   0.08233        96       800    0.4068    0.4703    0.4238    0.1984    0.0503   0.03106  0.001112
    13/249     5.38G   0.04795   0.01493  0.002457   0.01639   0.08173       160       800    0.4181    0.4541    0.4191    0.1955   0.05009   0.03082  0.001107
    14/249     5.38G   0.04856   0.01543  0.002589   0.01646   0.08304        78       800    0.2994    0.5029    0.4458    0.2102   0.04951   0.03129   0.00111
    15/249     5.38G   0.04799   0.01531  0.002623    0.0164   0.08231        93       800    0.4725     0.457    0.4322    0.2099   0.04905   0.03073  0.001056
    16/249     5.38G   0.04878   0.01544  0.002345   0.01653    0.0831        91       800    0.3722    0.5137    0.4664     0.216   0.04945   0.03089   0.00106
    17/249     5.38G   0.04754   0.01491  0.002551   0.01628   0.08129       158       800    0.3893    0.4687    0.4259    0.2025    0.0509    0.0308   0.00111
    18/249     5.38G   0.04828   0.01522  0.002531   0.01646   0.08249       166       800    0.3906    0.4997    0.4379    0.2027   0.05049   0.03106  0.001056
    19/249     5.38G    0.0476    0.0154  0.002438     0.016   0.08143        76       800    0.3531     0.471    0.4201     0.195   0.04993   0.03129  0.001012
    20/249     5.38G   0.04808   0.01503  0.002583   0.01656   0.08225       162       800    0.3482    0.4742    0.4323    0.2062    0.0494   0.03108  0.001068
    21/249     5.38G   0.04649   0.01466  0.002603    0.0154   0.07915       109       800    0.5267    0.4816    0.4576    0.2199   0.04941   0.03086 0.0009495
    22/249     5.38G   0.04749    0.0151   0.00228    0.0156   0.08047       138       800    0.4051     0.474    0.4387    0.2098    0.0495   0.03069 0.0009791
    23/249     5.38G   0.04741   0.01521  0.002393   0.01595   0.08096       196       800    0.4138    0.4679    0.4428    0.2179   0.04857   0.03084  0.000982
    24/249     5.38G   0.04737   0.01471  0.002272   0.01538   0.07974        63       800    0.4268    0.4947    0.4596    0.2198   0.04912   0.03052  0.000931
     6/249      5.3G   0.04707   0.01513  0.002374   0.01498   0.07955       116       800    0.4532    0.5109    0.4674    0.2085   0.04974   0.03098 0.0009526
     7/249     5.32G    0.0478   0.01545  0.002229     0.015   0.08049        12       800    0.5238    0.4644    0.4331      0.21   0.04883   0.03152 0.0009734
     8/249     5.32G   0.04632   0.01481  0.002583   0.01483   0.07854        20       800    0.4242    0.4587    0.4259    0.2049   0.04843     0.031 0.0009858
     9/249     5.32G   0.04707   0.01498  0.002303    0.0144   0.07876        27       800    0.4932    0.4671    0.4405    0.2145    0.0484   0.03034 0.0008857
    10/249     5.32G   0.04706   0.01486  0.002217   0.01434   0.07848        26       800    0.1843    0.4572    0.2548    0.1121   0.05651   0.03607   0.01405
    11/249     5.32G    0.0466   0.01485  0.002404   0.01445   0.07831        14       800    0.3723    0.5277    0.4649    0.2305   0.04824   0.03042  0.001036
    12/249     5.32G   0.04664   0.01481  0.002525    0.0141   0.07807        17       800    0.4794    0.5033    0.4689    0.2224   0.04829   0.03073 0.0009157
    13/249     5.32G   0.04653   0.01486  0.002231   0.01409    0.0777        81       800    0.4331    0.4859     0.461    0.2221   0.04911   0.03072 0.0009089
    14/249     5.32G   0.04714   0.01543  0.002148   0.01418   0.07889        10       800    0.3644    0.5165    0.4671    0.2281   0.04791    0.0308 0.0009031
    15/249     5.32G   0.04691   0.01509  0.002361   0.01445   0.07881        51       800     0.384    0.5061    0.4591    0.2248   0.04864   0.03055 0.0008927
    16/249     5.32G   0.04771   0.01516  0.002288   0.01482   0.07998        33       800    0.5009    0.4513    0.4309    0.2048   0.04886   0.03091   0.00097
    17/249     5.32G   0.04673   0.01462    0.0024   0.01441   0.07815        22       800    0.4597    0.4196    0.3927    0.1827   0.04941   0.03043 0.0009815
     0/249    0.107G   0.05022   0.02127  0.009811   0.01408   0.09539         1       800    0.2848    0.6182     0.477    0.2309   0.04867   0.02975  0.002009
     1/249     5.31G   0.04976    0.0208  0.006782   0.01292   0.09026         2       800    0.2403    0.5834    0.4099    0.2003   0.04755   0.02989  0.001898
     2/249     5.31G   0.04945   0.02101  0.005804   0.01271   0.08898         2       800    0.2662    0.5117    0.3931    0.1884   0.04926   0.03059  0.001599
     3/249     5.31G   0.04961   0.02062  0.005441   0.01279   0.08847         1       800    0.2262    0.5069     0.373    0.1802   0.04866   0.03045   0.00169
     0/249     5.26G    0.0485   0.02042  0.004696   0.01229    0.0859       138       800    0.2687    0.5281    0.4221    0.2081   0.04767   0.02984  0.001356
     1/249     5.27G   0.04881   0.02053  0.004406   0.01214   0.08589       303       800    0.2712    0.5237    0.4165    0.2058   0.04753   0.03009  0.001196
     2/249     5.27G   0.04858   0.02066  0.004653   0.01224   0.08615       407       800    0.2822    0.4889    0.4128    0.2005   0.04834   0.03001  0.001316
     3/249     5.27G   0.04926   0.02084  0.004874   0.01235   0.08732      1182       800    0.2467    0.4556    0.3616    0.1691   0.04905   0.03068  0.001447
     4/249     5.27G   0.04956   0.02083  0.004701   0.01241    0.0875       161       800     0.301    0.4903    0.4005    0.1986   0.04883   0.03061  0.001434
     5/249     5.27G   0.04954    0.0207  0.004764   0.01234   0.08735       179       800    0.2254    0.4611     0.361    0.1741   0.04891   0.03062  0.001464
     6/249     5.27G   0.04937   0.02069  0.004494    0.0122   0.08675       470       800    0.2522    0.4583    0.3678    0.1714   0.04963    0.0306  0.001437
     7/249     5.27G   0.04971   0.02089  0.004397   0.01218   0.08718       144       800     0.231    0.4749    0.3495    0.1647   0.04861   0.03024  0.001695
     8/249     5.27G    0.0493   0.02064  0.004197   0.01211   0.08625       188       800    0.2628    0.5063    0.3843    0.1841   0.04824   0.03011  0.001423
     9/249     5.27G   0.04898   0.02106  0.004278   0.01221   0.08653       170       800    0.2586    0.4842    0.3789    0.1832    0.0487    0.0303  0.001611
    10/249     5.27G   0.04913   0.02044   0.00423   0.01222   0.08601       163       800    0.2085    0.4738    0.3709    0.1782   0.04884   0.03067  0.001512
    11/249     5.27G   0.04925   0.02081  0.004237   0.01208   0.08638       275       800    0.2723     0.485    0.3947    0.1906   0.04769   0.02999  0.001386
    12/249     5.27G   0.04903   0.02079  0.004032     0.012   0.08585       140       800    0.2238    0.4862    0.3775    0.1848   0.04808   0.03038   0.00152
    13/249     5.27G   0.04947   0.02089   0.00411   0.01219   0.08665        94       800    0.2705    0.4901     0.395     0.193   0.04784   0.03009  0.001478
    14/249     5.27G   0.04908   0.02062  0.004172   0.01208   0.08595       236       800    0.2631    0.4634    0.3772    0.1853   0.04861   0.02999  0.001349
    15/249     5.27G   0.04868   0.02098  0.004183   0.01212   0.08596       105       800    0.2573    0.4785    0.4019    0.1941   0.04811   0.03016  0.001326
    16/249     5.27G   0.04847   0.02053  0.004035   0.01189   0.08493       148       800    0.2537    0.4975    0.3944    0.1925   0.04766   0.02975  0.001339
    17/249     5.27G   0.04878   0.02078  0.003962   0.01191   0.08543       176       800    0.2788    0.4759    0.3886     0.191   0.04783   0.02987  0.001279
    18/249     5.27G   0.04867   0.02069  0.003923   0.01192   0.08521       247       800     0.269    0.4938    0.4089    0.2017   0.04743   0.02989  0.001263
    19/249     5.27G   0.04896   0.02057  0.003863    0.0118   0.08519       244       800    0.2686    0.4912    0.3997    0.1988   0.04743   0.02983   0.00143
    20/249     5.27G   0.04907   0.02037  0.003916   0.01185   0.08521       142       800    0.2656    0.4857    0.4074    0.1989    0.0477   0.02977  0.001219
    21/249     5.27G   0.04892   0.02057  0.003866    0.0119   0.08525       248       800     0.267    0.4832    0.4135    0.2043    0.0476   0.02969  0.001253
    22/249     5.27G   0.04843   0.02042  0.003875   0.01177   0.08449       207       800    0.2537    0.4924    0.3987    0.1972   0.04725   0.02972  0.001441
    23/249     5.27G   0.04834   0.02058  0.003824   0.01184   0.08459       356       800    0.2709    0.5044    0.4105    0.2053   0.04754    0.0298  0.001354
    24/249     5.27G   0.04887   0.02061  0.003923   0.01184   0.08524       220       800    0.2626    0.4797    0.4056    0.2011   0.04727   0.02974  0.001331
    25/249     5.27G    0.0481   0.02023   0.00386   0.01191   0.08411       255       800    0.2502    0.5123    0.4055    0.2009   0.04732   0.02983   0.00143
    26/249     5.27G     0.049   0.02069  0.003828   0.01191   0.08543       175       800    0.2495    0.4879    0.3996    0.1988   0.04724   0.02973   0.00143
    27/249     5.27G   0.04835    0.0204  0.003775   0.01178   0.08431       467       800    0.2592    0.5054    0.4108    0.2044   0.04726    0.0298  0.001329
    28/249     5.27G   0.04858   0.02063  0.003791   0.01166   0.08466       138       800    0.2636    0.5093    0.4161    0.2097   0.04703   0.02958  0.001398
    29/249     5.27G    0.0489   0.02057  0.003784   0.01173   0.08499        92       800    0.2575    0.5003    0.4073    0.2034   0.04721   0.02968  0.001373
    30/249     5.27G    0.0489   0.02046  0.003852   0.01183   0.08505       145       800    0.2531    0.4947    0.4072    0.2051   0.04718   0.02968  0.001378
    31/249     5.27G    0.0482   0.02013  0.003676    0.0117    0.0837       208       800    0.2558     0.498    0.4151    0.2107     0.047   0.02965  0.001365
    32/249     5.27G   0.04876    0.0202  0.003562   0.01175   0.08427       190       800    0.2567     0.502    0.4172    0.2112   0.04695    0.0296  0.001329
    33/249     5.27G   0.04827    0.0202  0.003673   0.01167   0.08382        95       800    0.2595    0.5078    0.4172    0.2105   0.04692   0.02954  0.001314
    34/249     5.27G   0.04883   0.02093  0.003941   0.01186   0.08556       187       800    0.2488    0.5125    0.4109    0.2073   0.04699   0.02978  0.001303
    35/249     5.27G   0.04832   0.02032  0.003776   0.01168   0.08409       195       800    0.2559    0.5132    0.4142    0.2086   0.04691   0.02967  0.001268
    36/249     5.27G   0.04844   0.02018  0.003721   0.01161   0.08394       281       800    0.2629    0.5003    0.4162    0.2101   0.04689   0.02955  0.001237
    37/249     5.27G   0.04845   0.02034  0.003731   0.01164   0.08416       130       800    0.2644    0.5183    0.4145    0.2086   0.04693   0.02953   0.00127
    38/249     5.27G   0.04837   0.02026   0.00372   0.01157   0.08392       207       800    0.2631    0.5218    0.4152    0.2088   0.04691    0.0295  0.001265
    39/249     5.27G    0.0485   0.01988  0.003616   0.01173   0.08372       125       800    0.2608    0.5061    0.4098    0.2055   0.04691   0.02948  0.001264
    40/249     5.27G   0.04854   0.02041  0.003573   0.01165   0.08417       344       800    0.2599    0.5162    0.4145    0.2083   0.04692   0.02948  0.001245
    41/249     5.27G   0.04857   0.02059  0.003698   0.01166   0.08452       220       800    0.2596    0.5132     0.416    0.2098   0.04686    0.0295  0.001251
    42/249     5.27G   0.04824   0.01996   0.00376   0.01173    0.0837       186       800    0.2586    0.5192     0.418    0.2121   0.04688   0.02952  0.001258
    43/249     5.27G   0.04817   0.02042  0.003682   0.01158   0.08386       319       800    0.2581    0.5224    0.4173    0.2111   0.04683    0.0295  0.001272
    44/249     5.27G   0.04861    0.0208  0.003492   0.01165   0.08455       166       800    0.2564    0.5259    0.4164    0.2106    0.0468    0.0296    0.0013
    45/249     5.27G   0.04832   0.02023  0.003496   0.01145    0.0835       264       800    0.2593    0.5257    0.4184    0.2103   0.04679    0.0296  0.001287
    46/249     5.27G   0.04803    0.0204  0.003634   0.01155   0.08361       410       800    0.2587    0.5261    0.4189    0.2105   0.04678   0.02958  0.001286
    47/249     5.27G   0.04862   0.02061  0.003666   0.01156   0.08446       208       800    0.2576    0.5321    0.4214    0.2127   0.04678   0.02957  0.001292
    48/249     5.27G   0.04864   0.02038  0.003628   0.01155    0.0842       174       800    0.2568    0.5297    0.4238    0.2125   0.04678   0.02956  0.001288
    49/249     5.27G   0.04764   0.02041  0.003651   0.01153   0.08322       439       800    0.2572    0.5325     0.425    0.2126   0.04677   0.02954   0.00129
    50/249     5.27G   0.04801   0.02013  0.003445   0.01142     0.083       114       800    0.2575    0.5328    0.4244    0.2121   0.04673   0.02953  0.001279
    51/249     5.27G   0.04854   0.02066  0.003621   0.01158    0.0844       188       800    0.2571    0.5363    0.4266    0.2132   0.04671   0.02953  0.001274
    52/249     5.27G   0.04802   0.02025  0.003514   0.01142   0.08321       118       800     0.257     0.533    0.4246    0.2131    0.0467   0.02951  0.001274
    53/249     5.27G   0.04792   0.02028  0.003466   0.01147   0.08313       181       800    0.2571     0.533    0.4236    0.2125   0.04668   0.02951   0.00127
    54/249     5.27G   0.04779   0.02046  0.003518   0.01135   0.08312       217       800    0.2572    0.5333    0.4252    0.2129   0.04667    0.0295  0.001265
    55/249     5.27G   0.04838   0.02054  0.003546   0.01139   0.08386       152       800    0.2572    0.5335    0.4252    0.2133   0.04666   0.02949  0.001264
    56/249     5.27G   0.04823   0.02018    0.0037    0.0114   0.08351       152       800    0.2576    0.5336    0.4274    0.2152   0.04665   0.02949  0.001257
    57/249     5.27G   0.04745   0.01984  0.003604    0.0114    0.0823       298       800    0.2582    0.5338    0.4274     0.215   0.04664   0.02948  0.001248
    58/249     5.27G   0.04794   0.01992  0.003394   0.01143   0.08268       215       800     0.258    0.5308    0.4274     0.215   0.04662   0.02947  0.001246
    59/249     5.27G   0.04824   0.02021  0.003438    0.0114   0.08329       181       800    0.2588    0.5338    0.4289    0.2159   0.04661   0.02947  0.001245
    60/249     5.27G   0.04812   0.02034  0.003426   0.01149   0.08337       173       800    0.2587    0.5311    0.4283     0.216    0.0466   0.02946  0.001238
    61/249     5.27G   0.04789   0.02014  0.003478   0.01146   0.08297       256       800    0.2588    0.5312    0.4287     0.216   0.04659   0.02946  0.001237
    62/249     5.27G   0.04783    0.0203  0.003426   0.01141   0.08296       292       800    0.2583     0.528    0.4282    0.2157   0.04659   0.02945  0.001234
    63/249     5.27G   0.04796   0.02021  0.003438   0.01138   0.08299       237       800     0.258    0.5312    0.4293    0.2163   0.04657   0.02945   0.00123
    64/249     5.27G   0.04779   0.01982  0.003449   0.01136   0.08241       125       800    0.2577    0.5313    0.4298    0.2166   0.04656   0.02945  0.001228
    65/249     5.27G   0.04732   0.01986  0.003501   0.01139   0.08207       117       800    0.2579    0.5316    0.4304    0.2169   0.04655   0.02944  0.001226
    66/249     5.27G    0.0484   0.02058  0.003435   0.01136   0.08378       193       800    0.2576    0.5317    0.4305    0.2169   0.04655   0.02944  0.001225
    67/249     5.27G   0.04835   0.02007  0.003383   0.01133   0.08314       248       800    0.2578    0.5318    0.4311    0.2171   0.04654   0.02944   0.00122
    68/249     5.27G   0.04835   0.02028  0.003373   0.01133   0.08334       261       800    0.2583    0.5317    0.4312    0.2168   0.04653   0.02943  0.001215
    69/249     5.27G   0.04786   0.02012  0.003552   0.01141   0.08295       183       800    0.2585    0.5313    0.4315    0.2168   0.04653   0.02942  0.001213
    70/249     5.27G   0.04746   0.02052   0.00344   0.01128   0.08271       122       800    0.2596    0.5347    0.4327    0.2184   0.04652   0.02942  0.001212
    71/249     5.27G   0.04782   0.02026  0.003464   0.01139   0.08293       300       800    0.2596    0.5315    0.4336    0.2179   0.04651   0.02941  0.001207
    72/249     5.27G    0.0467   0.02007  0.003407   0.01122    0.0814       214       800    0.2595    0.5314    0.4336    0.2176   0.04651   0.02941  0.001207
    73/249     5.27G   0.04762    0.0201  0.003374   0.01129   0.08238       185       800    0.2591    0.5286    0.4324    0.2175    0.0465   0.02941  0.001204
    74/249     5.27G   0.04761   0.02006  0.003444   0.01139    0.0825       315       800    0.2593    0.5288    0.4332    0.2185   0.04649    0.0294    0.0012
    75/249     5.27G   0.04795   0.02046  0.003439   0.01124    0.0831       732       800    0.2594    0.5288    0.4335    0.2181   0.04648    0.0294  0.001194
    76/249     5.27G   0.04753   0.02023    0.0034   0.01122   0.08238       137       800    0.2596    0.5289    0.4335    0.2184   0.04647    0.0294  0.001191
    77/249     5.27G   0.04734   0.02009  0.003316   0.01115    0.0819       147       800    0.2599    0.5288    0.4344    0.2186   0.04647   0.02939  0.001189
    78/249     5.27G   0.04746    0.0204  0.003392   0.01128   0.08253       128       800    0.2601     0.529    0.4349    0.2191   0.04646   0.02939  0.001185
    79/249     5.27G   0.04749   0.02018  0.003395   0.01116   0.08222       114       800    0.2604    0.5289    0.4354    0.2195   0.04645   0.02939  0.001182
    80/249     5.27G   0.04736   0.01994  0.003337   0.01116   0.08181       430       800    0.2604    0.5289    0.4354    0.2198   0.04645   0.02939   0.00118
    81/249     5.27G   0.04739   0.01991  0.003312    0.0111   0.08171       274       800    0.2615    0.5288    0.4361    0.2204   0.04644   0.02938  0.001176
    82/249     5.27G   0.04713   0.01977  0.003343   0.01117   0.08141        99       800     0.264    0.5258    0.4356    0.2194   0.04644   0.02935  0.001171
    83/249     5.27G   0.04758   0.02016  0.003407   0.01124   0.08239       244       800    0.2655    0.5255    0.4357    0.2196   0.04645   0.02934  0.001169
    84/249     5.27G   0.04772   0.01998   0.00348   0.01128   0.08246       238       800    0.2664    0.5284    0.4371     0.221   0.04644   0.02934  0.001166
    85/249     5.27G   0.04768   0.02011  0.003467    0.0113   0.08256       156       800    0.2663    0.5283    0.4375    0.2214   0.04644   0.02934  0.001161
    86/249     5.27G   0.04764   0.02011  0.003362   0.01128   0.08239       241       800    0.2673    0.5284    0.4376    0.2214   0.04643   0.02933  0.001158
    87/249     5.27G   0.04728    0.0197  0.003239   0.01112   0.08135       166       800    0.2678    0.5281    0.4377    0.2213   0.04643   0.02933  0.001155
    88/249     5.27G   0.04767   0.01991  0.003291   0.01133    0.0822       203       800    0.2679    0.5282    0.4382    0.2213   0.04642   0.02932  0.001152
    89/249     5.27G   0.04787   0.01986   0.00332   0.01131   0.08235       257       800    0.2683    0.5282     0.438    0.2213   0.04643   0.02933   0.00115
    90/249     5.27G   0.04727   0.02009  0.003316   0.01118   0.08185       165       800    0.2698    0.5283    0.4382    0.2212   0.04642   0.02932  0.001144
    91/249     5.27G   0.04753   0.02006  0.003259   0.01129   0.08214       141       800    0.2702    0.5283    0.4387     0.222   0.04642   0.02932  0.001142
    92/249     5.27G   0.04761    0.0201   0.00323   0.01115   0.08209       279       800    0.2717    0.5312    0.4401    0.2227   0.04642   0.02931  0.001139
    93/249     5.27G   0.04758   0.02002  0.003338   0.01115   0.08208       115       800    0.2704    0.5254    0.4393    0.2225   0.04641   0.02931  0.001138
    94/249     5.27G   0.04722   0.01985  0.003192   0.01101   0.08127       381       800    0.2707    0.5254    0.4392    0.2229   0.04641   0.02931  0.001137
    95/249     5.27G   0.04732   0.01995  0.003311    0.0111   0.08169       410       800    0.2713    0.5255    0.4394    0.2226    0.0464    0.0293  0.001135
    96/249     5.27G   0.04781   0.02036  0.003322   0.01115   0.08264       152       800    0.2717    0.5287    0.4407    0.2233   0.04639    0.0293  0.001133
    97/249     5.27G   0.04732   0.02018  0.003232    0.0111   0.08183       195       800    0.2715    0.5256    0.4393    0.2229   0.04639    0.0293  0.001127
    98/249     5.27G   0.04712   0.01983  0.003274   0.01104   0.08126       278       800     0.272    0.5255    0.4392    0.2232   0.04638   0.02929  0.001125
    99/249     5.27G   0.04755   0.02016  0.003292    0.0111    0.0821       280       800    0.2724    0.5254      0.44    0.2233   0.04638   0.02928  0.001124
   100/249     5.27G   0.04802   0.02057  0.003251   0.01109   0.08294       159       800    0.2732    0.5253      0.44    0.2234   0.04636   0.02928  0.001122
   101/249     5.27G   0.04734   0.01996  0.003188   0.01102   0.08152       419       800     0.273    0.5254    0.4408    0.2235   0.04636   0.02927  0.001121
   102/249     5.27G   0.04724   0.02026  0.003282    0.0111   0.08189       134       800    0.2728    0.5223    0.4404    0.2238   0.04635   0.02926  0.001117
   103/249     5.27G   0.04749   0.02008    0.0033    0.0111   0.08197       316       800    0.2735    0.5225     0.441    0.2238   0.04634   0.02926  0.001112
   104/249     5.27G   0.04708   0.01967  0.003361   0.01095   0.08106       111       800    0.2732    0.5225    0.4413    0.2239   0.04634   0.02926  0.001112
   105/249     5.27G   0.04692   0.01983  0.003267   0.01096   0.08098       532       800    0.2735    0.5224    0.4412    0.2239   0.04632   0.02926   0.00111
   106/249     5.27G   0.04707   0.02007  0.003172   0.01098   0.08129       289       800    0.2731    0.5226    0.4401    0.2232   0.04631   0.02926  0.001108
   107/249     5.27G   0.04753   0.02005  0.003318   0.01108   0.08197       113       800    0.2731    0.5228    0.4408    0.2238   0.04631   0.02926  0.001106
   108/249     5.27G   0.04721    0.0203  0.003288   0.01094   0.08174       178       800    0.2731    0.5231    0.4414    0.2242    0.0463   0.02926  0.001104
   109/249     5.27G   0.04732   0.01981  0.003239    0.0109   0.08126       137       800    0.2736     0.523    0.4418    0.2242   0.04629   0.02925  0.001099
   110/249     5.27G   0.04692   0.01975  0.003231   0.01091    0.0808       127       800    0.2742    0.5231    0.4417    0.2245   0.04629   0.02925  0.001096
   111/249     5.27G   0.04726   0.02039  0.003223   0.01094   0.08182       479       800    0.2736    0.5233    0.4417    0.2246   0.04628   0.02925  0.001093
   112/249     5.27G   0.04678   0.01946  0.003123   0.01087   0.08024       171       800    0.2738    0.5233     0.442    0.2246   0.04628   0.02924  0.001089
   113/249     5.27G   0.04711      0.02  0.003193    0.0109   0.08121       272       800    0.2745    0.5231    0.4426    0.2252   0.04627   0.02923  0.001086
   114/249     5.27G   0.04667   0.01991  0.003229   0.01087   0.08067       263       800    0.2746    0.5234    0.4428    0.2256   0.04626   0.02922  0.001087
   115/249     5.27G   0.04679   0.01994  0.003167   0.01084   0.08074       409       800     0.275    0.5233    0.4429    0.2258   0.04625   0.02922  0.001083
   116/249     5.27G   0.04737   0.01994  0.003199   0.01091   0.08141       209       800    0.2744    0.5235    0.4434    0.2259   0.04624   0.02922  0.001082
   117/249     5.27G   0.04702   0.01984  0.003233   0.01084   0.08093       304       800    0.2749    0.5235    0.4429    0.2253   0.04624   0.02922  0.001082
   118/249     5.27G   0.04684   0.01963  0.003098   0.01091   0.08048       138       800    0.2759    0.5234     0.443    0.2253   0.04624   0.02921  0.001079
   119/249     5.27G   0.04705   0.01957   0.00312   0.01079   0.08054       261       800     0.276    0.5234    0.4429    0.2251   0.04624   0.02921  0.001078
   120/249     5.27G   0.04691   0.01978  0.003118    0.0109    0.0807       141       800    0.2761    0.5233    0.4436    0.2254   0.04623    0.0292  0.001074
   121/249     5.27G   0.04678   0.01977  0.003197   0.01084   0.08059       280       800    0.2772    0.5235    0.4441    0.2256   0.04622    0.0292  0.001072
   122/249     5.27G   0.04741   0.01989  0.003214   0.01095   0.08147        81       800    0.2777    0.5234    0.4445    0.2259   0.04622   0.02919  0.001069
   123/249     5.27G    0.0466   0.02011  0.003139   0.01084   0.08069       261       800    0.2783    0.5235    0.4444    0.2258   0.04621   0.02919  0.001068
   124/249     5.27G   0.04749   0.02022  0.003083   0.01083   0.08162       191       800    0.2787    0.5233    0.4447    0.2259   0.04621   0.02918  0.001063
   125/249     5.27G   0.04709   0.01993   0.00302   0.01085   0.08089       197       800    0.2793    0.5235    0.4447    0.2262    0.0462   0.02918  0.001058
   126/249     5.27G   0.04666   0.01968  0.003203   0.01088   0.08042       230       800    0.2798    0.5232    0.4448    0.2261    0.0462   0.02917  0.001054
   127/249     5.27G   0.04625   0.01956  0.003138   0.01076   0.07971       308       800    0.2811    0.5263    0.4457    0.2267   0.04619   0.02917  0.001052
   128/249     5.27G   0.04667   0.01967  0.003053   0.01078   0.08017       107       800    0.2815    0.5234     0.446    0.2261   0.04618   0.02916  0.001048
   129/249     5.27G   0.04701   0.01973  0.003124   0.01079   0.08066       173       800    0.2832    0.5265    0.4469    0.2267   0.04617   0.02915  0.001044
   130/249     5.27G    0.0468    0.0201  0.003141    0.0109   0.08093       131       800    0.2794    0.5242    0.4462    0.2266   0.04616   0.02918   0.00104
   131/249     5.27G   0.04732   0.01984  0.003195   0.01077   0.08112       210       800    0.2792    0.5272    0.4471    0.2271   0.04615   0.02919  0.001038
   132/249     5.27G   0.04668   0.01981  0.003177   0.01064   0.08031       130       800    0.2801    0.5301    0.4477    0.2273   0.04615   0.02919  0.001037
   133/249     5.27G   0.04639    0.0197  0.003165   0.01063   0.07988       115       800    0.2802    0.5303    0.4474    0.2271   0.04614   0.02918  0.001034
   134/249     5.27G   0.04646   0.02001  0.003036    0.0107   0.08021       238       800    0.2806    0.5303    0.4479    0.2273   0.04612   0.02918  0.001031
   135/249     5.27G    0.0471   0.02028   0.00302    0.0107    0.0811       189       800    0.2818    0.5303    0.4479    0.2273   0.04612   0.02917  0.001029
   136/249     5.27G   0.04649   0.01958  0.003029    0.0107    0.0798       165       800    0.2822    0.5303    0.4479    0.2275   0.04611   0.02917  0.001026
   137/249     5.27G   0.04666   0.01973  0.003132   0.01076   0.08028       192       800    0.2841    0.5333    0.4506    0.2294    0.0461   0.02916  0.001024
   138/249     5.27G   0.04625   0.01961  0.003047   0.01074   0.07964       187       800    0.2846    0.5334    0.4515    0.2298   0.04609   0.02915  0.001021
   139/249     5.27G   0.04645   0.01944  0.003047   0.01068   0.07963       415       800    0.2854    0.5334    0.4521    0.2304   0.04608   0.02914  0.001018
   140/249     5.27G   0.04682   0.01987  0.002997   0.01077   0.08045       110       800    0.2861    0.5335    0.4531    0.2304   0.04608   0.02913  0.001015
   141/249     5.27G    0.0462   0.01943  0.003008   0.01059   0.07923       147       800    0.2861    0.5336    0.4535     0.231   0.04607   0.02913  0.001013
   142/249     5.27G   0.04651   0.01979  0.002967   0.01068   0.07995       403       800    0.2872    0.5335    0.4532     0.231   0.04606   0.02912  0.001009
   143/249     5.27G   0.04672   0.01966  0.003016   0.01079   0.08019       216       800    0.2865    0.5335    0.4531    0.2311   0.04606   0.02911  0.001008
   144/249     5.27G   0.04691   0.01968  0.003027   0.01066   0.08028       193       800    0.2872    0.5336    0.4531    0.2306   0.04605   0.02911  0.001006
   145/249     5.27G    0.0466   0.01967  0.003002   0.01069   0.07996       864       800    0.2886    0.5336    0.4533    0.2308   0.04604    0.0291     0.001
   146/249     5.27G   0.04666   0.01937  0.002974   0.01079    0.0798       210       800     0.289    0.5337    0.4538     0.231   0.04604    0.0291 0.0009964
   147/249     5.27G   0.04659    0.0197  0.003018   0.01067   0.07998       268       800      0.29    0.5336     0.454    0.2313   0.04603   0.02909 0.0009929
   148/249     5.27G   0.04672   0.01973  0.003048   0.01064   0.08013       220       800    0.2909    0.5338    0.4548    0.2316   0.04602   0.02908 0.0009905
   149/249     5.27G   0.04651   0.01971  0.003058   0.01055   0.07982       166       800    0.2915    0.5338    0.4548    0.2317   0.04601   0.02908 0.0009885
   150/249     5.27G   0.04666   0.01977  0.002987   0.01057   0.07999       410       800    0.2935    0.5368    0.4556    0.2322     0.046   0.02907 0.0009867
   151/249     5.27G   0.04635   0.01944  0.002961   0.01067   0.07942       146       800     0.294    0.5368    0.4555    0.2321   0.04599   0.02907 0.0009852
   152/249     5.27G   0.04667   0.01983  0.003024   0.01064   0.08016       228       800    0.2945    0.5337    0.4547    0.2311   0.04598   0.02906 0.0009839
   153/249     5.27G   0.04713   0.01967  0.002949   0.01064   0.08038       140       800    0.2943    0.5337    0.4548    0.2315   0.04598   0.02905  0.000983
   154/249     5.27G    0.0465   0.01913  0.002969    0.0106    0.0792      1067       800     0.295    0.5335    0.4544    0.2316   0.04596   0.02904 0.0009823
   155/249     5.27G   0.04652   0.01984  0.002951   0.01049    0.0798       150       800    0.2951    0.5336     0.455    0.2318   0.04595   0.02904 0.0009813
   156/249     5.27G   0.04612   0.01966  0.002893    0.0105   0.07917       339       800    0.2942    0.5304    0.4544    0.2324   0.04595   0.02904 0.0009807
   157/249     5.27G   0.04604    0.0197  0.002909   0.01056   0.07921       270       800    0.2944    0.5304    0.4549    0.2331   0.04594   0.02903 0.0009787
   158/249     5.27G   0.04631   0.01947   0.00303   0.01057   0.07938       173       800    0.2951    0.5301    0.4549    0.2329   0.04593   0.02903 0.0009781
   159/249     5.27G    0.0463   0.01933  0.002875   0.01054   0.07904       147       800    0.2972    0.5362    0.4573    0.2339   0.04592   0.02902 0.0009751
   160/249     5.27G   0.04583   0.01926  0.002919   0.01047   0.07847       182       800    0.2978    0.5363    0.4578     0.234   0.04592   0.02901 0.0009717
   161/249     5.27G   0.04647   0.01981  0.003014   0.01052   0.07982       184       800    0.2984    0.5394    0.4588    0.2351   0.04591   0.02901 0.0009689
   162/249     5.27G   0.04681    0.0199   0.00297   0.01054   0.08022       111       800     0.299    0.5395    0.4592    0.2356    0.0459   0.02901 0.0009665
   163/249     5.27G   0.04602    0.0197  0.002909   0.01052   0.07915       181       800    0.2983    0.5395    0.4594    0.2363   0.04589     0.029 0.0009654
   164/249     5.27G   0.04627   0.01952  0.002856   0.01042   0.07907       164       800    0.2984    0.5393    0.4593    0.2367   0.04588     0.029 0.0009633
   165/249     5.27G   0.04547   0.01934  0.002998   0.01046   0.07827       204       800    0.2989    0.5393    0.4595    0.2368   0.04587   0.02899 0.0009608
   166/249     5.27G   0.04584   0.01921  0.002969   0.01042   0.07844       304       800    0.2994    0.5395    0.4604    0.2373   0.04586   0.02898  0.000957
   167/249     5.27G    0.0463   0.01976  0.002872    0.0104   0.07933       196       800    0.3006    0.5396    0.4609    0.2375   0.04585   0.02898 0.0009547
   168/249     5.27G    0.0461   0.01968  0.002825   0.01051   0.07912       163       800    0.3011    0.5394    0.4612    0.2378   0.04584   0.02897  0.000953
   169/249     5.27G   0.04593    0.0193  0.002856   0.01044   0.07852       407       800    0.3022    0.5394    0.4619    0.2383   0.04583   0.02897 0.0009509
   170/249     5.27G   0.04627   0.01932  0.002931   0.01041   0.07894       226       800    0.3027    0.5396    0.4623    0.2381   0.04582   0.02896 0.0009473
   171/249     5.27G   0.04604   0.01934  0.002806   0.01051    0.0787       156       800    0.3036    0.5395    0.4622    0.2379   0.04581   0.02896  0.000946
   172/249     5.27G   0.04589   0.01916    0.0029   0.01041   0.07836       266       800    0.3035    0.5391    0.4622    0.2378   0.04581   0.02895 0.0009441
   173/249     5.27G   0.04601   0.01915  0.002871   0.01044   0.07847       206       800    0.3049    0.5391    0.4618     0.238    0.0458   0.02895 0.0009421
   174/249     5.27G   0.04656   0.01969  0.002803   0.01038   0.07943       417       800    0.3049    0.5392    0.4621    0.2383   0.04579   0.02894  0.000942
   175/249     5.27G   0.04595    0.0194  0.002945   0.01035   0.07865       260       800    0.3053    0.5394    0.4625    0.2385   0.04578   0.02893 0.0009409
   176/249     5.27G    0.0458   0.01924  0.002828   0.01037   0.07825       244       800    0.3062    0.5395    0.4627    0.2391   0.04577   0.02893 0.0009376
   177/249     5.27G   0.04596    0.0199  0.002813   0.01029   0.07896       285       800    0.3066    0.5394     0.463    0.2394   0.04576   0.02892 0.0009333
   178/249     5.27G   0.04614   0.01978   0.00302   0.01039   0.07932       176       800    0.3067    0.5394     0.463    0.2391   0.04575   0.02892 0.0009319
   179/249     5.27G   0.04609   0.01928  0.002824   0.01031   0.07851       459       800    0.3077    0.5393    0.4637    0.2391   0.04575   0.02891 0.0009304
   180/249     5.27G   0.04566   0.01959  0.002919   0.01029   0.07846       200       800    0.3088    0.5421     0.465    0.2397   0.04574   0.02891 0.0009284
   181/249     5.27G   0.04601   0.01956   0.00275   0.01032   0.07864       150       800    0.3088    0.5422     0.465    0.2398   0.04573    0.0289 0.0009238
   182/249     5.27G   0.04603   0.01946  0.002824   0.01035   0.07866       210       800    0.3093    0.5424    0.4664     0.241   0.04572    0.0289 0.0009205
   183/249     5.27G   0.04537   0.01919  0.002845   0.01038   0.07779       183       800    0.3101    0.5421    0.4663    0.2407   0.04571   0.02889 0.0009178
   184/249     5.27G   0.04563   0.01927  0.002837   0.01029   0.07803       114       800    0.3106     0.542    0.4669    0.2416   0.04571   0.02889 0.0009154
   185/249     5.27G   0.04554   0.01939  0.002877   0.01029   0.07809       117       800    0.3107    0.5421    0.4668    0.2413    0.0457   0.02888 0.0009125
   186/249     5.27G   0.04595   0.01996  0.002873   0.01031   0.07909       175       800    0.3109    0.5423     0.467    0.2408   0.04569   0.02888 0.0009112
   187/249     5.27G   0.04588   0.01917   0.00278   0.01033   0.07816       334       800    0.3123    0.5452    0.4681    0.2417   0.04569   0.02888 0.0009077
   188/249     5.27G   0.04563   0.01917  0.002712   0.01029    0.0778       183       800    0.3128    0.5456    0.4687     0.242   0.04568   0.02887 0.0009057
   189/249     5.27G   0.04537    0.0193   0.00279   0.01025   0.07772       216       800    0.3138    0.5456     0.469    0.2414   0.04567   0.02887 0.0009008
   190/249     5.27G   0.04555   0.01925   0.00279   0.01014   0.07773       244       800    0.3144    0.5456    0.4696    0.2419   0.04566   0.02887 0.0008975
   191/249     5.27G   0.04555   0.01931  0.002686   0.01029   0.07783       157       800    0.3148    0.5457      0.47    0.2417   0.04566   0.02886 0.0008928
   192/249     5.27G   0.04532   0.01916  0.002835   0.01023   0.07756       139       800    0.3146    0.5452    0.4696    0.2416   0.04565   0.02886 0.0008892
   193/249     5.27G    0.0459   0.01935  0.002752   0.01026   0.07826       201       800    0.3161    0.5454    0.4702     0.242   0.04564   0.02886 0.0008848
   194/249     5.27G   0.04569   0.01914  0.002829    0.0102   0.07786       162       800     0.317    0.5454    0.4708    0.2432   0.04563   0.02885 0.0008823
   195/249     5.27G   0.04574   0.01975   0.00277   0.01011   0.07837        82       800    0.3169    0.5455     0.471    0.2433   0.04562   0.02884 0.0008807
   196/249     5.27G   0.04553   0.01903  0.002752    0.0102   0.07751       176       800    0.3177    0.5455    0.4711    0.2434   0.04561   0.02884  0.000878
   197/249     5.27G    0.0457   0.01923   0.00279   0.01027   0.07798       132       800      0.32    0.5517    0.4736     0.245    0.0456   0.02884 0.0008763
   198/249     5.27G   0.04607   0.01946  0.002737   0.01033   0.07859       194       800    0.3205    0.5485    0.4726    0.2448   0.04559   0.02884  0.000872
   199/249     5.27G   0.04585   0.01943  0.002666   0.01018   0.07813       159       800    0.3218    0.5516    0.4742    0.2455   0.04558   0.02884 0.0008692
   200/249     5.27G   0.04547   0.01952  0.002653   0.01023   0.07787       134       800    0.3224    0.5516    0.4745    0.2458   0.04557   0.02884 0.0008666
   201/249     5.27G   0.04566   0.01917  0.002738   0.01024   0.07782       117       800    0.3231    0.5516    0.4749    0.2459   0.04556   0.02883 0.0008636
   202/249     5.27G    0.0459   0.01919  0.002746   0.01014   0.07798       118       800    0.3248    0.5546    0.4752    0.2461   0.04555   0.02882 0.0008609
   203/249     5.27G   0.04513    0.0191  0.002657   0.01006   0.07694       247       800    0.3258    0.5545    0.4753    0.2462   0.04555   0.02882 0.0008605
   204/249     5.27G   0.04572   0.01915  0.002734   0.01023   0.07784       154       800    0.3259    0.5547    0.4755    0.2462   0.04554   0.02882 0.0008586
   205/249     5.27G    0.0456   0.01928  0.002707   0.01017   0.07776       179       800    0.3265    0.5547    0.4758    0.2466   0.04553   0.02882 0.0008575
   206/249     5.27G   0.04585    0.0192  0.002699   0.01016   0.07791       135       800    0.3276    0.5518    0.4746    0.2457   0.04552   0.02881 0.0008546
   207/249     5.27G   0.04531   0.01926   0.00274   0.01012   0.07743       193       800    0.3282    0.5517     0.475    0.2459    0.0455   0.02881 0.0008525
   208/249     5.27G   0.04542   0.01942  0.002727   0.01012   0.07769       421       800    0.3295    0.5518    0.4754    0.2459   0.04549   0.02881 0.0008484
   209/249     5.27G   0.04501   0.01891  0.002684   0.01009   0.07669       243       800     0.329    0.5518     0.476    0.2461   0.04547    0.0288 0.0008472
   210/249     5.27G   0.04601   0.01952  0.002772    0.0101   0.07841       223       800    0.3294    0.5517    0.4762    0.2467   0.04546    0.0288 0.0008444
   211/249     5.27G    0.0454    0.0193   0.00263   0.01008   0.07742       163       800    0.3291    0.5519    0.4768    0.2471   0.04545    0.0288 0.0008435
   212/249     5.27G   0.04563   0.01928  0.002653   0.01007   0.07763       150       800    0.3295    0.5516    0.4765    0.2471   0.04545   0.02879 0.0008411
   213/249     5.27G   0.04599    0.0191  0.002618   0.01008   0.07778       175       800    0.3311    0.5514    0.4766     0.247   0.04545   0.02879 0.0008374
   214/249     5.27G    0.0452   0.01916  0.002612   0.01011   0.07708       273       800    0.3306    0.5512    0.4772    0.2472   0.04544   0.02879  0.000834
   215/249     5.27G   0.04511   0.01921  0.002574   0.01005   0.07695       143       800    0.3303    0.5515    0.4775    0.2473   0.04543   0.02879 0.0008335
   216/249     5.27G    0.0454   0.01907  0.002648   0.01009   0.07722       286       800    0.3306    0.5515    0.4778    0.2467   0.04542   0.02878 0.0008311
   217/249     5.27G    0.0456   0.01931  0.002551      0.01   0.07747       295       800    0.3306    0.5516    0.4777    0.2466   0.04541   0.02878 0.0008286
   218/249     5.27G   0.04599   0.01959  0.002569  0.009941   0.07809       242       800    0.3297    0.5516    0.4779    0.2472    0.0454   0.02878 0.0008271
   219/249     5.27G   0.04548   0.01929  0.002643   0.01006   0.07747       166       800      0.33    0.5516    0.4784    0.2473    0.0454   0.02877 0.0008238
   220/249     5.27G   0.04453   0.01873  0.002771   0.01006   0.07608       280       800    0.3315    0.5546    0.4795    0.2486   0.04539   0.02876 0.0008213
   221/249     5.27G   0.04525   0.01924  0.002578   0.01001   0.07708       398       800    0.3321    0.5548      0.48    0.2488   0.04538   0.02876 0.0008193
   222/249     5.27G   0.04576   0.01923  0.002642   0.01019   0.07782       153       800    0.3322    0.5547      0.48    0.2492   0.04537   0.02876 0.0008178
   223/249     5.27G   0.04589   0.01935  0.002736    0.0101   0.07808       128       800    0.3338    0.5547    0.4807    0.2494   0.04536   0.02876 0.0008173
   224/249     5.27G    0.0458   0.01967  0.002688   0.01007   0.07823       227       800    0.3325    0.5547    0.4808    0.2492   0.04535   0.02875 0.0008164
   225/249     5.27G   0.04558   0.01931  0.002669   0.01007   0.07763       201       800    0.3326    0.5548    0.4811    0.2497   0.04534   0.02875 0.0008142
   226/249     5.27G   0.04528   0.01918  0.002584   0.01008   0.07713       194       800    0.3322     0.555    0.4808    0.2487   0.04533   0.02874 0.0008114
   227/249     5.27G   0.04519   0.01888  0.002628   0.01004   0.07674       241       800     0.333     0.555    0.4816     0.249   0.04533   0.02874 0.0008087
   228/249     5.27G   0.04502   0.01894  0.002707  0.009975   0.07665       151       800    0.3328     0.555    0.4816    0.2493   0.04533   0.02873 0.0008068
   229/249     5.27G    0.0453   0.01911  0.002591  0.009947   0.07696       126       800    0.3328    0.5549    0.4814    0.2487   0.04532   0.02873 0.0008052
   230/249     5.27G   0.04564   0.01941  0.002663   0.01004   0.07775       133       800    0.3324    0.5551    0.4818    0.2495   0.04531   0.02873 0.0008035
   231/249     5.27G   0.04496   0.01933  0.002536   0.01002   0.07684       248       800    0.3343    0.5582    0.4837    0.2499    0.0453   0.02873  0.000801
   232/249     5.27G   0.04522   0.01911  0.002662   0.01005   0.07703       217       800    0.3338    0.5583    0.4839    0.2506    0.0453   0.02873 0.0007992
   233/249     5.27G   0.04476   0.01916  0.002564   0.00998   0.07647       189       800    0.3342    0.5583    0.4841    0.2508   0.04529   0.02872 0.0007967
   234/249     5.27G   0.04534   0.01911  0.002564   0.01003   0.07704       167       800    0.3334    0.5552    0.4828    0.2502   0.04529   0.02872 0.0007942
   235/249     5.27G    0.0449   0.01904  0.002525  0.009932   0.07639       166       800    0.3326    0.5554    0.4832      0.25   0.04527   0.02872 0.0007925
   236/249     5.27G   0.04546   0.01926  0.002603   0.01004   0.07737       474       800    0.3334    0.5584    0.4844    0.2513   0.04526   0.02871 0.0007908
   237/249     5.27G   0.04518   0.01934  0.002518  0.009986   0.07703       357       800    0.3329    0.5556    0.4839     0.251   0.04525   0.02871 0.0007884
   238/249     5.27G   0.04506   0.01944  0.002584  0.009978   0.07706       143       800    0.3335    0.5585     0.485    0.2517   0.04524    0.0287 0.0007864
   239/249     5.27G   0.04548   0.01916   0.00268  0.009999   0.07732       131       800    0.3336    0.5585    0.4853     0.251   0.04523    0.0287 0.0007851
   240/249     5.27G   0.04488   0.01907  0.002617  0.009943   0.07651       117       800    0.3326    0.5587    0.4856    0.2512   0.04523   0.02869 0.0007843
   241/249     5.27G   0.04471    0.0191  0.002618  0.009897   0.07632       183       800    0.3331    0.5589    0.4856    0.2514   0.04522   0.02869 0.0007833
   242/249     5.27G   0.04565   0.01938  0.002567  0.009953   0.07755       274       800    0.3324     0.559     0.486    0.2512   0.04523   0.02868  0.000783
   243/249     5.27G   0.04505     0.019   0.00254  0.009927   0.07652       159       800     0.332    0.5589    0.4858     0.251   0.04522   0.02868 0.0007842
   244/249     5.27G   0.04541   0.01927  0.002612   0.00992    0.0772       553       800    0.3312    0.5591    0.4859    0.2512   0.04521   0.02867 0.0007859
   245/249     5.27G   0.04541   0.01914  0.002668   0.01005   0.07727       418       800     0.331    0.5592    0.4859    0.2517    0.0452   0.02867 0.0007856
   246/249     5.27G   0.04534   0.01894  0.002608   0.01002   0.07691       490       800    0.3315    0.5593    0.4861    0.2514   0.04519   0.02866  0.000783
   247/249     5.27G   0.04523   0.01936    0.0026   0.01004   0.07724       456       800    0.3319    0.5593    0.4862    0.2515   0.04519   0.02866 0.0007818
   248/249     5.27G   0.04491   0.01891  0.002609  0.009969   0.07641       144       800    0.3319    0.5593    0.4866    0.2518   0.04518   0.02865  0.000781
   249/249     5.27G   0.04553   0.01899  0.002768   0.01005   0.07734       195       800    0.3322    0.5593    0.4871    0.2523   0.04517   0.02865 0.0007787
